3
234 12 18
0.004222000017762184 -0.0005639999872073531 -0.009008999913930893 
0.004056000150740147 -0.0005869999877177179 -0.008914999663829803 
0.004081999883055687 -0.0007559999939985573 -0.008865999989211559 
0.002818000037223101 -0.0007360000163316727 -0.009232000447809696 
0.002837999956682324 -0.0005879999953322113 -0.009244999848306179 
0.002873999997973442 -0.0005799999926239252 -0.009371999651193619 
0.004035999998450279 -0.0007479999912902713 -0.009624999947845936 
0.003969000186771154 -0.0005210000090301037 -0.009492999874055386 
0.00419900007545948 -0.0005290000117383897 -0.009359000250697136 
0.004321000073105097 -0.0007910000276751816 -0.009425000287592411 
0.004271999932825565 -0.0005419999943114817 -0.009167999960482121 
0.003891000058501959 -0.0004490000137593597 -0.00915099959820509 
0.004220999777317047 -0.001545000006444752 -0.009379000402987003 
0.004219000227749348 -0.001584999961778522 -0.009166000410914421 
0.003945000004023314 -0.001643999945372343 -0.009213999845087528 
0.002588999923318624 -0.000881000014487654 -0.008631999604403973 
0.002618999918922782 -0.0005779999773949385 -0.00877899955958128 
0.002630000002682209 -0.0006280000088736415 -0.008813999593257904 
0.00291300006210804 -0.0007619999814778566 -0.009490000084042549 
0.003109999932348728 -0.0005699999746866524 -0.009494000114500523 
0.003137999912723899 -0.0004009999975096434 -0.009441999718546867 
0.004023000132292509 -0.0005660000024363399 -0.008882000111043453 
0.003736000042408705 -0.00164899998344481 -0.009345999918878078 
0.003743000095710158 -0.001516000018455088 -0.009668000042438507 
0.004040999803692102 -0.001502000028267503 -0.009557000361382961 
0.003783999942243099 -0.0005259999888949096 -0.009572000242769718 
0.00368200009688735 -0.0004189999890513718 -0.009306999854743481 
0.004296000115573406 -0.0007340000011026859 -0.008949999697506428 
0.004393000155687332 -0.0007689999765716493 -0.009166999720036983 
0.004149000160396099 -0.001521999947726727 -0.009039999917149544 
0.004038000013679266 -0.001551000052131712 -0.009015999734401703 
0.004011000040918589 -0.001582999946549535 -0.008976000361144543 
0.002738999901339412 -0.00169800000730902 -0.00900300033390522 
0.002767000114545226 -0.001776000019162893 -0.008964000269770622 
0.00267699989490211 -0.001671000034548342 -0.008785000070929527 
0.002700000070035458 -0.0005099999834783375 -0.008999000303447247 
0.002818000037223101 -0.0007440000190399587 -0.008976999670267105 
0.002698000054806471 -0.000446999998530373 -0.008994000032544136 
0.003888000035658479 -0.0004009999975096434 -0.009119000285863876 
0.003858000040054321 -0.0005579999997280538 -0.008843000046908855 
0.003790999995544553 -0.0005280000041238964 -0.0087909996509552 
0.003829000052064657 -0.0007019999902695417 -0.008705000393092632 
0.003709000069648027 -0.00179699994623661 -0.009283999912440777 
0.003913000226020813 -0.001613999949768186 -0.008936000056564808 
0.003507999936118722 -0.001638000016100705 -0.009398000314831734 
0.003451999975368381 -0.0005440000095404685 -0.009658999741077423 
0.003785999957472086 -0.0007229999755509198 -0.009708000347018242 
0.00343300006352365 -0.000459000002592802 -0.009420000016689301 
0.003782999934628606 -0.0003990000113844872 -0.009083000011742115 
0.00370100000873208 -0.0003429999924264848 -0.009061000309884548 
0.003431000048294663 -0.0003180000057909638 -0.009379999712109566 
0.00317799998447299 -0.001764000044204295 -0.009348999708890915 
0.003062000032514334 -0.001720999949611723 -0.009301000274717808 
0.003090000012889504 -0.001653000013902783 -0.009358000010251999 
0.002851000055670738 -0.0005230000242590904 -0.009251000359654427 
0.003185000037774444 -0.0003110000106971711 -0.009417999535799026 
0.003073000116273761 -0.000750000006519258 -0.009562999941408634 
0.003498000092804432 -0.001517000026069582 -0.009721999987959862 
0.003191000083461404 -0.00173200003337115 -0.009483999572694302 
0.003478999948129058 -0.001806000014767051 -0.009411999955773354 
0.003202999942004681 -0.001826999941840768 -0.00902900006622076 
0.003476999932900071 -0.001784999971278012 -0.009076000191271305 
0.003474999917671084 -0.001618999987840652 -0.008822999894618988 
0.003435000078752637 -0.0007200000109151006 -0.008694999851286411 
0.0034489999525249 -0.0005590000073425472 -0.00877000018954277 
0.003079999936744571 -0.0004910000134259462 -0.008698999881744385 
0.003415999934077263 -0.0003629999991971999 -0.009012999944388866 
0.003128000069409609 -0.0003429999924264848 -0.008973999880254269 
0.00432599987834692 -0.001032999949529767 -0.008972000330686569 
0.00407300004735589 -0.001055000000633299 -0.008830999955534935 
0.00406799977645278 -0.001371999969705939 -0.00890399981290102 
0.004397999960929155 -0.001373999984934926 -0.009205999784171581 
0.004408999811857939 -0.001021999982185662 -0.009190999902784824 
0.004333000164479017 -0.00133500003721565 -0.009441999718546867 
0.00430699996650219 -0.001025000005029142 -0.009473999962210655 
0.004056000150740147 -0.00126100005581975 -0.009642999619245529 
0.004036999773234129 -0.001023999997414649 -0.009645000100135803 
0.003758999984711409 -0.00103399995714426 -0.009740999899804592 
0.003499000100418925 -0.00101500004529953 -0.009777000173926353 
0.003743000095710158 -0.001276000053621829 -0.009751999750733376 
0.00304200011305511 -0.001088000019080937 -0.009552000090479851 
0.003498000092804432 -0.001295999973081052 -0.0097850002348423 
0.002924999920651317 -0.001093999948352575 -0.009491999633610249 
0.00304599991068244 -0.001356999971903861 -0.009549000300467014 
0.00280899996869266 -0.001344999996945262 -0.009197999723255634 
0.002814000006765127 -0.001025000005029142 -0.009216000325977802 
0.002814000006765127 -0.001031999941915274 -0.008985999971628189 
0.002597999991849065 -0.001182000036351383 -0.008688000030815601 
0.002809999976307154 -0.001351000042632222 -0.008995999582111835 
0.002591999946162105 -0.001227000029757619 -0.008620000444352627 
0.002633000025525689 -0.001480999984778464 -0.008754000067710876 
0.003500000108033419 -0.001372999977320433 -0.008706999942660332 
0.003501999890431762 -0.001048999954946339 -0.008665000088512897 
0.003089000005275011 -0.001077000051736832 -0.008538000285625458 
0.00394000019878149 -0.001403999980539083 -0.0087909996509552 
0.003945999778807163 -0.00108299998100847 -0.008720999583601952 
0.003863000078126788 -0.001098999986425042 -0.008657000027596951 
0.004071000032126904 -0.001365000032819808 -0.008844999596476555 
0.00343999988399446 -0.0007089999853633344 -0.009759999811649323 
0.002593999961391091 -0.000901999999769032 -0.008702999912202358 
0.003077999921515584 -0.0007680000271648169 -0.008573000319302082 
0.003911000210791826 -0.0007379999733529985 -0.008759999647736549 
0.004095000214874744 -0.001040000002831221 -0.008795999921858311 
0.00431900005787611 -0.001387999975122511 -0.008987000212073326 
0.002941000042483211 -0.001469000009819865 -0.00949500035494566 
0.003066000062972307 -0.001561000011861324 -0.00950200017541647 
0.002860999898985028 -0.001674999948590994 -0.009227000176906586 
0.002668000059202313 -0.001604999997653067 -0.008833000436425209 
0.002638000063598156 -0.001511999987997115 -0.008682999759912491 
0.003103999886661768 -0.0014519999967888 -0.008596999570727348 
0.003859000047668815 -0.001418999978341162 -0.008725999854505062 
0.00406099995598197 -0.0007600000244565308 -0.008814999833703041 
0.003647000063210726 -0.0003100000030826777 -0.00925000011920929 
0.003819999983534217 -0.001664999988861382 -0.008891000412404537 
0.003244000021368265 -0.001821000012569129 -0.009479000233113766 
0.003124000038951635 -0.00172900001052767 -0.009041000157594681 
0.003120000008493662 -0.001705999951809645 -0.008740000426769257 
0.0030519999563694 -0.001380000030621886 -0.008693000301718712 
0.003079999936744571 -0.001600999967195094 -0.008822999894618988 
0.003020999953150749 -0.001069999998435378 -0.008647000417113304 
0.003020999953150749 -0.0008520000264979899 -0.008669000118970871 
0.003049999941140413 -0.0005959999980404973 -0.008771000429987907 
0.003071000101044774 -0.0004520000074990094 -0.008961999788880348 
0.002918000100180507 -0.001772999996319413 -0.009012999944388866 
0.002866999944671988 -0.001527999993413687 -0.008666999638080597 
0.002834999933838844 -0.00115699996240437 -0.008570999838411808 
0.002822000067681074 -0.0008709999965503812 -0.008588000200688839 
0.002826000098139048 -0.0005719999899156392 -0.008716000244021416 
0.002858999883756042 -0.0004130000015720725 -0.008992999792098999 
0.002955999923869967 -0.0004370000096969306 -0.009277000091969967 
0.002870999975129962 -0.001679999986663461 -0.008782000280916691 
0.003014999907463789 -0.001733000040985644 -0.009297999553382397 
0.003004000056535006 -0.001673000049777329 -0.009318999946117401 
0.002926999935880303 -0.001586999977007508 -0.009424000047147274 
0.002523999894037843 -0.0005810000002384186 -0.009278999641537666 
0.002693000016734004 -0.0005549999768845737 -0.009278999641537666 
0.002555999904870987 -0.0005810000002384186 -0.009379000402987003 
0.002371999900788069 -0.0006590000120922923 -0.009278999641537666 
0.002432999899610877 -0.0006590000120922923 -0.009468000382184982 
0.002335000084713101 -0.0007800000021234155 -0.009538999758660793 
0.002173000015318394 -0.0009319999953731894 -0.009278999641537666 
0.002250999910756946 -0.0007800000021234155 -0.009278999641537666 
0.002272000070661306 -0.0009319999953731894 -0.009584999643266201 
0.002250999910756946 -0.001101000001654029 -0.009600000455975533 
0.002173000015318394 -0.001270000007934868 -0.009278999641537666 
0.002146000042557716 -0.001101000001654029 -0.009278999641537666 
0.002272000070661306 -0.001270000007934868 -0.009584999643266201 
0.002335000084713101 -0.001422000001184642 -0.009538999758660793 
0.002371999900788069 -0.001542999991215765 -0.009278999641537666 
0.002250999910756946 -0.001422000001184642 -0.009278999641537666 
0.002432999899610877 -0.001542999991215765 -0.009468000382184982 
0.002555999904870987 -0.001619999995455146 -0.009379000402987003 
0.002693000016734004 -0.001646999968215823 -0.009278999641537666 
0.002523999894037843 -0.001619999995455146 -0.009278999641537666 
0.002640000078827143 -0.001619999995455146 -0.009440000168979168 
0.002592999953776598 -0.001542999991215765 -0.009584999643266201 
0.002555999904870987 -0.001422000001184642 -0.009700000286102295 
0.00253199995495379 -0.001270000007934868 -0.00977300014346838 
0.002523999894037843 -0.001101000001654029 -0.00979899987578392 
0.00253199995495379 -0.0009319999953731894 -0.00977300014346838 
0.002555999904870987 -0.0007800000021234155 -0.009700000286102295 
0.002592999953776598 -0.0006590000120922923 -0.009584999643266201 
0.002640000078827143 -0.0005810000002384186 -0.009440000168979168 
0.002744999947026372 -0.0005810000002384186 -0.009440000168979168 
0.002792000072076917 -0.0006590000120922923 -0.009584999643266201 
0.002828999888151884 -0.0007800000021234155 -0.009700000286102295 
0.002853000070899725 -0.0009319999953731894 -0.00977300014346838 
0.002860999898985028 -0.001101000001654029 -0.00979899987578392 
0.002853000070899725 -0.001270000007934868 -0.00977300014346838 
0.002828999888151884 -0.001422000001184642 -0.009700000286102295 
0.002792000072076917 -0.001542999991215765 -0.009584999643266201 
0.002744999947026372 -0.001619999995455146 -0.009440000168979168 
0.002828999888151884 -0.001619999995455146 -0.009379000402987003 
0.002951999893411994 -0.001542999991215765 -0.009468000382184982 
0.003049999941140413 -0.001422000001184642 -0.009538999758660793 
0.003112999955192208 -0.001270000007934868 -0.009584999643266201 
0.003134000115096569 -0.001101000001654029 -0.009600000455975533 
0.003112999955192208 -0.0009319999953731894 -0.009584999643266201 
0.003049999941140413 -0.0007800000021234155 -0.009538999758660793 
0.002951999893411994 -0.0006590000120922923 -0.009468000382184982 
0.002828999888151884 -0.0005810000002384186 -0.009379000402987003 
0.002860999898985028 -0.0005810000002384186 -0.009278999641537666 
0.003013999899849296 -0.0006590000120922923 -0.009278999641537666 
0.003134000115096569 -0.0007800000021234155 -0.009278999641537666 
0.003212000010535121 -0.0009319999953731894 -0.009278999641537666 
0.003238999983295798 -0.001101000001654029 -0.009278999641537666 
0.003212000010535121 -0.001270000007934868 -0.009278999641537666 
0.003134000115096569 -0.001422000001184642 -0.009278999641537666 
0.003013999899849296 -0.001542999991215765 -0.009278999641537666 
0.002860999898985028 -0.001619999995455146 -0.009278999641537666 
0.002828999888151884 -0.001619999995455146 -0.009180000051856041 
0.002951999893411994 -0.001542999991215765 -0.009091000072658062 
0.003049999941140413 -0.001422000001184642 -0.009019999764859676 
0.003112999955192208 -0.001270000007934868 -0.008973999880254269 
0.003134000115096569 -0.001101000001654029 -0.008957999758422375 
0.003112999955192208 -0.0009319999953731894 -0.008973999880254269 
0.003049999941140413 -0.0007800000021234155 -0.009019999764859676 
0.002951999893411994 -0.0006590000120922923 -0.009091000072658062 
0.002828999888151884 -0.0005810000002384186 -0.009180000051856041 
0.002744999947026372 -0.0005810000002384186 -0.009119000285863876 
0.002792000072076917 -0.0006590000120922923 -0.008973999880254269 
0.002828999888151884 -0.0007800000021234155 -0.008859000168740749 
0.002853000070899725 -0.0009319999953731894 -0.008785000070929527 
0.002860999898985028 -0.001101000001654029 -0.008759999647736549 
0.002853000070899725 -0.001270000007934868 -0.008785000070929527 
0.002828999888151884 -0.001422000001184642 -0.008859000168740749 
0.002792000072076917 -0.001542999991215765 -0.008973999880254269 
0.002744999947026372 -0.001619999995455146 -0.009119000285863876 
0.002640000078827143 -0.001619999995455146 -0.009119000285863876 
0.002592999953776598 -0.001542999991215765 -0.008973999880254269 
0.002555999904870987 -0.001422000001184642 -0.008859000168740749 
0.00253199995495379 -0.001270000007934868 -0.008785000070929527 
0.002523999894037843 -0.001101000001654029 -0.008759999647736549 
0.00253199995495379 -0.0009319999953731894 -0.008785000070929527 
0.002555999904870987 -0.0007800000021234155 -0.008859000168740749 
0.002592999953776598 -0.0006590000120922923 -0.008973999880254269 
0.002640000078827143 -0.0005810000002384186 -0.009119000285863876 
0.002555999904870987 -0.0005810000002384186 -0.009180000051856041 
0.002432999899610877 -0.0006590000120922923 -0.009091000072658062 
0.002335000084713101 -0.0007800000021234155 -0.009019999764859676 
0.002272000070661306 -0.0009319999953731894 -0.008973999880254269 
0.002250999910756946 -0.001101000001654029 -0.008957999758422375 
0.002272000070661306 -0.001270000007934868 -0.008973999880254269 
0.002335000084713101 -0.001422000001184642 -0.009019999764859676 
0.002432999899610877 -0.001542999991215765 -0.009091000072658062 
0.002555999904870987 -0.001619999995455146 -0.009180000051856041 
0.01629599928855896 0.01431899983435869 0.03044099919497967 
-0.009353999979794025 -0.0002680000034160912 -0.0560539998114109 
-0.01943599991500378 0.01431899983435869 0.02605300024151802 
-0.0197950005531311 -0.002423000056296587 0.02898300066590309 
0.02601799927651882 -0.01700999960303307 -0.04873700067400932 
0.01593600027263165 -0.002423000056296587 0.03337100148200989 
0.02637699991464615 -0.0002680000034160912 -0.05166700109839439 
-0.009713999927043915 -0.01700999960303307 -0.05312399938702583 
3 230 226 232 
3 226 228 232 
3 233 228 229 
3 231 226 230 
3 231 233 229 
3 233 231 230 
3 228 231 229 
3 231 228 226 
3 227 230 232 
3 227 233 230 
3 228 227 232 
3 227 228 233 
Vertices and facets:
- p226(v3): 0.016 0.014  0.03
- p230(v2): 0.026 -0.017 -0.049
- p232(v1): 0.026 -0.00027 -0.052
- p228(v6): -0.019 0.014 0.026
- p233(v5): -0.0097 -0.017 -0.053
- p229(v0): -0.02 -0.0024 0.029
- p231(v7): 0.016 -0.0024 0.033
- p227(v8): -0.0094 -0.00027 -0.056
- f4
    - flags: bottom simplicial
    - normal:    0.9925 4.237e-05   0.1219
    - offset: -0.01988455
    - vertices: p226(v3) p230(v2) p232(v1)
    - neighboring facets: f17 f9 f12
- f9
    - flags: bottom simplicial
    - normal:   0.02117   0.9848  -0.1724
    - offset: -0.009199612
    - vertices: p228(v6) p226(v3) p232(v1)
    - neighboring facets: f4 f19 f16
- f10
    - flags: bottom simplicial
    - normal:   -0.9925 -4.263e-05  -0.1219
    - offset: -0.01611583
    - vertices: p228(v6) p233(v5) p229(v0)
    - neighboring facets: f13 f15 f20
- f12
    - flags: top simplicial
    - normal:    0.9925 -1.297e-05   0.1219
    - offset: -0.01988437
    - vertices: p231(v7) p226(v3) p230(v2)
    - neighboring facets: f4 f14 f16
- f13
    - flags: top simplicial
    - normal:  -0.02117  -0.9848   0.1724
    - offset: -0.007800706
    - vertices: p231(v7) p233(v5) p229(v0)
    - neighboring facets: f10 f15 f14
- f14
    - flags: bottom simplicial
    - normal:  -0.02116  -0.9848   0.1724
    - offset: -0.007800743
    - vertices: p231(v7) p233(v5) p230(v2)
    - neighboring facets: f18 f12 f13
- f15
    - flags: bottom simplicial
    - normal:     -0.12   0.1736   0.9775
    - offset: -0.03028535
    - vertices: p231(v7) p228(v6) p229(v0)
    - neighboring facets: f10 f13 f16
- f16
    - flags: top simplicial
    - normal:     -0.12   0.1736   0.9775
    - offset: -0.03028536
    - vertices: p231(v7) p228(v6) p226(v3)
    - neighboring facets: f9 f12 f15
- f17
    - flags: top simplicial
    - normal:      0.12  -0.1736  -0.9775
    - offset: -0.05371501
    - vertices: p227(v8) p230(v2) p232(v1)
    - neighboring facets: f4 f19 f18
- f18
    - flags: top simplicial
    - normal:      0.12  -0.1736  -0.9775
    - offset:  -0.053715
    - vertices: p227(v8) p233(v5) p230(v2)
    - neighboring facets: f14 f17 f20
- f19
    - flags: bottom simplicial
    - normal:   0.02116   0.9848  -0.1724
    - offset: -0.009199625
    - vertices: p227(v8) p228(v6) p232(v1)
    - neighboring facets: f9 f17 f20
- f20
    - flags: top simplicial
    - normal:   -0.9925 1.278e-05  -0.1219
    - offset: -0.01611601
    - vertices: p227(v8) p228(v6) p233(v5)
    - neighboring facets: f10 f18 f19
