3
234 12 18
0.004222000017762184 -0.0005639999872073531 0.009073999710381031 
0.004056000150740147 -0.0005869999877177179 0.009166999720036983 
0.004081999883055687 -0.0007559999939985573 0.009216000325977802 
0.002818000037223101 -0.0007360000163316727 0.008849999867379665 
0.002837999956682324 -0.0005879999953322113 0.008836999535560608 
0.002873999997973442 -0.0005799999926239252 0.008709999732673168 
0.004035999998450279 -0.0007479999912902713 0.008457000367343426 
0.003969000186771154 -0.0005210000090301037 0.008589999750256538 
0.00419900007545948 -0.0005290000117383897 0.008723000064492226 
0.004321000073105097 -0.0007910000276751816 0.008657000027596951 
0.004271999932825565 -0.0005419999943114817 0.008914000354707241 
0.003891000058501959 -0.0004490000137593597 0.008932000026106834 
0.004220999777317047 -0.001545000006444752 0.008702999912202358 
0.004219000227749348 -0.001584999961778522 0.00891599990427494 
0.003945000004023314 -0.001643999945372343 0.008867999538779259 
0.002588999923318624 -0.000881000014487654 0.009449999779462814 
0.002618999918922782 -0.0005779999773949385 0.009302999824285507 
0.002630000002682209 -0.0006280000088736415 0.009267999790608883 
0.00291300006210804 -0.0007619999814778566 0.008592000231146812 
0.003109999932348728 -0.0005699999746866524 0.008588000200688839 
0.003137999912723899 -0.0004009999975096434 0.00863999966531992 
0.004023000132292509 -0.0005660000024363399 0.009200000204145908 
0.003736000042408705 -0.00164899998344481 0.008736000396311283 
0.003743000095710158 -0.001516000018455088 0.008414999581873417 
0.004040999803692102 -0.001502000028267503 0.008526000194251537 
0.003783999942243099 -0.0005259999888949096 0.008510000072419643 
0.00368200009688735 -0.0004189999890513718 0.008775000460445881 
0.004296000115573406 -0.0007340000011026859 0.009132999926805496 
0.004393000155687332 -0.0007689999765716493 0.008914999663829803 
0.004149000160396099 -0.001521999947726727 0.009042000398039818 
0.004038000013679266 -0.001551000052131712 0.009065999649465084 
0.004011000040918589 -0.001582999946549535 0.009105999954044819 
0.002738999901339412 -0.00169800000730902 0.009078999981284142 
0.002767000114545226 -0.001776000019162893 0.009118000045418739 
0.00267699989490211 -0.001671000034548342 0.009297000244259834 
0.002700000070035458 -0.0005099999834783375 0.009083000011742115 
0.002818000037223101 -0.0007440000190399587 0.009104999713599682 
0.002698000054806471 -0.000446999998530373 0.009088000282645226 
0.003888000035658479 -0.0004009999975096434 0.008964000269770622 
0.003858000040054321 -0.0005579999997280538 0.009239000268280506 
0.003790999995544553 -0.0005280000041238964 0.009290999732911587 
0.003829000052064657 -0.0007019999902695417 0.009376999922096729 
0.003709000069648027 -0.00179699994623661 0.008798000402748585 
0.003913000226020813 -0.001613999949768186 0.009146000258624554 
0.003507999936118722 -0.001638000016100705 0.008685000240802765 
0.003451999975368381 -0.0005440000095404685 0.008422999642789364 
0.003785999957472086 -0.0007229999755509198 0.00837399996817112 
0.00343300006352365 -0.000459000002592802 0.008662000298500061 
0.003782999934628606 -0.0003990000113844872 0.008999000303447247 
0.00370100000873208 -0.0003429999924264848 0.009021000005304813 
0.003431000048294663 -0.0003180000057909638 0.008701999671757221 
0.00317799998447299 -0.001764000044204295 0.008732999674975872 
0.003062000032514334 -0.001720999949611723 0.008781000040471554 
0.003090000012889504 -0.001653000013902783 0.008724000304937363 
0.002851000055670738 -0.0005230000242590904 0.008830999955534935 
0.003185000037774444 -0.0003110000106971711 0.00866399984806776 
0.003073000116273761 -0.000750000006519258 0.008519000373780727 
0.003498000092804432 -0.001517000026069582 0.0083600003272295 
0.003191000083461404 -0.00173200003337115 0.008599000051617622 
0.003478999948129058 -0.001806000014767051 0.008670000359416008 
0.003202999942004681 -0.001826999941840768 0.009053000248968601 
0.003476999932900071 -0.001784999971278012 0.009006000123918056 
0.003474999917671084 -0.001618999987840652 0.009259000420570374 
0.003435000078752637 -0.0007200000109151006 0.00938700046390295 
0.0034489999525249 -0.0005590000073425472 0.009312000125646591 
0.003079999936744571 -0.0004910000134259462 0.009383000433444977 
0.003415999934077263 -0.0003629999991971999 0.009069000370800495 
0.003128000069409609 -0.0003429999924264848 0.009108000434935093 
0.00432599987834692 -0.001032999949529767 0.009109999984502792 
0.00407300004735589 -0.001055000000633299 0.009251000359654427 
0.00406799977645278 -0.001371999969705939 0.009177999570965767 
0.004397999960929155 -0.001373999984934926 0.008875999599695206 
0.004408999811857939 -0.001021999982185662 0.008891000412404537 
0.004333000164479017 -0.00133500003721565 0.008640999905765057 
0.00430699996650219 -0.001025000005029142 0.008608000352978706 
0.004056000150740147 -0.00126100005581975 0.008438999764621258 
0.004036999773234129 -0.001023999997414649 0.008437000215053558 
0.003758999984711409 -0.00103399995714426 0.008341999724507332 
0.003499000100418925 -0.00101500004529953 0.008305000141263008 
0.003743000095710158 -0.001276000053621829 0.008329999633133411 
0.00304200011305511 -0.001088000019080937 0.008530000224709511 
0.003498000092804432 -0.001295999973081052 0.008297000080347061 
0.002924999920651317 -0.001093999948352575 0.008589999750256538 
0.00304599991068244 -0.001356999971903861 0.008533000014722347 
0.00280899996869266 -0.001344999996945262 0.008883999660611153 
0.002814000006765127 -0.001025000005029142 0.008865999989211559 
0.002814000006765127 -0.001031999941915274 0.009096000343561172 
0.002597999991849065 -0.001182000036351383 0.00939400028437376 
0.002809999976307154 -0.001351000042632222 0.009085999801754951 
0.002591999946162105 -0.001227000029757619 0.009461999870836735 
0.002633000025525689 -0.001480999984778464 0.009328000247478485 
0.003500000108033419 -0.001372999977320433 0.00937500037252903 
0.003501999890431762 -0.001048999954946339 0.009417000226676464 
0.003089000005275011 -0.001077000051736832 0.009544000029563904 
0.00394000019878149 -0.001403999980539083 0.009290999732911587 
0.003945999778807163 -0.00108299998100847 0.009360999800264835 
0.003863000078126788 -0.001098999986425042 0.009425000287592411 
0.004071000032126904 -0.001365000032819808 0.009238000027835369 
0.00343999988399446 -0.0007089999853633344 0.008322999812662601 
0.002593999961391091 -0.000901999999769032 0.009379999712109566 
0.003077999921515584 -0.0007680000271648169 0.00950899999588728 
0.003911000210791826 -0.0007379999733529985 0.009321999736130238 
0.004095000214874744 -0.001040000002831221 0.009286000393331051 
0.00431900005787611 -0.001387999975122511 0.009095000103116035 
0.002941000042483211 -0.001469000009819865 0.008586999960243702 
0.003066000062972307 -0.001561000011861324 0.008580000139772892 
0.002860999898985028 -0.001674999948590994 0.008855000138282776 
0.002668000059202313 -0.001604999997653067 0.009248999878764153 
0.002638000063598156 -0.001511999987997115 0.009398999623954296 
0.003103999886661768 -0.0014519999967888 0.009484999813139439 
0.003859000047668815 -0.001418999978341162 0.009356000460684299 
0.00406099995598197 -0.0007600000244565308 0.009266999550163746 
0.003647000063210726 -0.0003100000030826777 0.008832000195980072 
0.003819999983534217 -0.001664999988861382 0.009190999902784824 
0.003244000021368265 -0.001821000012569129 0.008603000082075596 
0.003124000038951635 -0.00172900001052767 0.009041000157594681 
0.003120000008493662 -0.001705999951809645 0.009341999888420105 
0.0030519999563694 -0.001380000030621886 0.00938900001347065 
0.003079999936744571 -0.001600999967195094 0.009259000420570374 
0.003020999953150749 -0.001069999998435378 0.009434999898076057 
0.003020999953150749 -0.0008520000264979899 0.009413000196218491 
0.003049999941140413 -0.0005959999980404973 0.009310999885201454 
0.003071000101044774 -0.0004520000074990094 0.009119999594986439 
0.002918000100180507 -0.001772999996319413 0.009069000370800495 
0.002866999944671988 -0.001527999993413687 0.00941499974578619 
0.002834999933838844 -0.00115699996240437 0.009510999545454979 
0.002822000067681074 -0.0008709999965503812 0.009494000114500523 
0.002826000098139048 -0.0005719999899156392 0.009367000311613083 
0.002858999883756042 -0.0004130000015720725 0.009088999591767788 
0.002955999923869967 -0.0004370000096969306 0.008805000223219395 
0.002870999975129962 -0.001679999986663461 0.009300000034272671 
0.003014999907463789 -0.001733000040985644 0.00878399983048439 
0.003004000056535006 -0.001673000049777329 0.00876300036907196 
0.002926999935880303 -0.001586999977007508 0.008658000268042088 
0.002523999894037843 -0.0005810000002384186 0.008802999742329121 
0.002693000016734004 -0.0005549999768845737 0.008802999742329121 
0.002555999904870987 -0.0005810000002384186 0.008702999912202358 
0.002371999900788069 -0.0006590000120922923 0.008802999742329121 
0.002432999899610877 -0.0006590000120922923 0.008613999933004379 
0.002335000084713101 -0.0007800000021234155 0.008542999625205994 
0.002173000015318394 -0.0009319999953731894 0.008802999742329121 
0.002250999910756946 -0.0007800000021234155 0.008802999742329121 
0.002272000070661306 -0.0009319999953731894 0.008496999740600586 
0.002250999910756946 -0.001101000001654029 0.008481999859213829 
0.002173000015318394 -0.001270000007934868 0.008802999742329121 
0.002146000042557716 -0.001101000001654029 0.008802999742329121 
0.002272000070661306 -0.001270000007934868 0.008496999740600586 
0.002335000084713101 -0.001422000001184642 0.008542999625205994 
0.002371999900788069 -0.001542999991215765 0.008802999742329121 
0.002250999910756946 -0.001422000001184642 0.008802999742329121 
0.002432999899610877 -0.001542999991215765 0.008613999933004379 
0.002555999904870987 -0.001619999995455146 0.008702999912202358 
0.002693000016734004 -0.001646999968215823 0.008802999742329121 
0.002523999894037843 -0.001619999995455146 0.008802999742329121 
0.002640000078827143 -0.001619999995455146 0.008642000146210194 
0.002592999953776598 -0.001542999991215765 0.008496999740600586 
0.002555999904870987 -0.001422000001184642 0.008382000029087067 
0.00253199995495379 -0.001270000007934868 0.008309000171720982 
0.002523999894037843 -0.001101000001654029 0.008283000439405441 
0.00253199995495379 -0.0009319999953731894 0.008309000171720982 
0.002555999904870987 -0.0007800000021234155 0.008382000029087067 
0.002592999953776598 -0.0006590000120922923 0.008496999740600586 
0.002640000078827143 -0.0005810000002384186 0.008642000146210194 
0.002744999947026372 -0.0005810000002384186 0.008642000146210194 
0.002792000072076917 -0.0006590000120922923 0.008496999740600586 
0.002828999888151884 -0.0007800000021234155 0.008382000029087067 
0.002853000070899725 -0.0009319999953731894 0.008309000171720982 
0.002860999898985028 -0.001101000001654029 0.008283000439405441 
0.002853000070899725 -0.001270000007934868 0.008309000171720982 
0.002828999888151884 -0.001422000001184642 0.008382000029087067 
0.002792000072076917 -0.001542999991215765 0.008496999740600586 
0.002744999947026372 -0.001619999995455146 0.008642000146210194 
0.002828999888151884 -0.001619999995455146 0.008702999912202358 
0.002951999893411994 -0.001542999991215765 0.008613999933004379 
0.003049999941140413 -0.001422000001184642 0.008542999625205994 
0.003112999955192208 -0.001270000007934868 0.008496999740600586 
0.003134000115096569 -0.001101000001654029 0.008481999859213829 
0.003112999955192208 -0.0009319999953731894 0.008496999740600586 
0.003049999941140413 -0.0007800000021234155 0.008542999625205994 
0.002951999893411994 -0.0006590000120922923 0.008613999933004379 
0.002828999888151884 -0.0005810000002384186 0.008702999912202358 
0.002860999898985028 -0.0005810000002384186 0.008802999742329121 
0.003013999899849296 -0.0006590000120922923 0.008802999742329121 
0.003134000115096569 -0.0007800000021234155 0.008802999742329121 
0.003212000010535121 -0.0009319999953731894 0.008802999742329121 
0.003238999983295798 -0.001101000001654029 0.008802999742329121 
0.003212000010535121 -0.001270000007934868 0.008802999742329121 
0.003134000115096569 -0.001422000001184642 0.008802999742329121 
0.003013999899849296 -0.001542999991215765 0.008802999742329121 
0.002860999898985028 -0.001619999995455146 0.008802999742329121 
0.002828999888151884 -0.001619999995455146 0.008902000263333321 
0.002951999893411994 -0.001542999991215765 0.0089910002425313 
0.003049999941140413 -0.001422000001184642 0.009061999619007111 
0.003112999955192208 -0.001270000007934868 0.009108000434935093 
0.003134000115096569 -0.001101000001654029 0.009123999625444412 
0.003112999955192208 -0.0009319999953731894 0.009108000434935093 
0.003049999941140413 -0.0007800000021234155 0.009061999619007111 
0.002951999893411994 -0.0006590000120922923 0.0089910002425313 
0.002828999888151884 -0.0005810000002384186 0.008902000263333321 
0.002744999947026372 -0.0005810000002384186 0.008963000029325485 
0.002792000072076917 -0.0006590000120922923 0.009108000434935093 
0.002828999888151884 -0.0007800000021234155 0.009223000146448612 
0.002853000070899725 -0.0009319999953731894 0.009297000244259834 
0.002860999898985028 -0.001101000001654029 0.009321999736130238 
0.002853000070899725 -0.001270000007934868 0.009297000244259834 
0.002828999888151884 -0.001422000001184642 0.009223000146448612 
0.002792000072076917 -0.001542999991215765 0.009108000434935093 
0.002744999947026372 -0.001619999995455146 0.008963000029325485 
0.002640000078827143 -0.001619999995455146 0.008963000029325485 
0.002592999953776598 -0.001542999991215765 0.009108000434935093 
0.002555999904870987 -0.001422000001184642 0.009223000146448612 
0.00253199995495379 -0.001270000007934868 0.009297000244259834 
0.002523999894037843 -0.001101000001654029 0.009321999736130238 
0.00253199995495379 -0.0009319999953731894 0.009297000244259834 
0.002555999904870987 -0.0007800000021234155 0.009223000146448612 
0.002592999953776598 -0.0006590000120922923 0.009108000434935093 
0.002640000078827143 -0.0005810000002384186 0.008963000029325485 
0.002555999904870987 -0.0005810000002384186 0.008902000263333321 
0.002432999899610877 -0.0006590000120922923 0.0089910002425313 
0.002335000084713101 -0.0007800000021234155 0.009061999619007111 
0.002272000070661306 -0.0009319999953731894 0.009108000434935093 
0.002250999910756946 -0.001101000001654029 0.009123999625444412 
0.002272000070661306 -0.001270000007934868 0.009108000434935093 
0.002335000084713101 -0.001422000001184642 0.009061999619007111 
0.002432999899610877 -0.001542999991215765 0.0089910002425313 
0.002555999904870987 -0.001619999995455146 0.008902000263333321 
0.02637699991464615 -0.0002680000034160912 0.0510840006172657 
-0.01943599991500378 0.01431899983435869 -0.02663600072264671 
-0.009353999979794025 -0.0002680000034160912 0.05547099933028221 
-0.009713999927043915 -0.01700999960303307 0.05254099890589714 
0.01593600027263165 -0.002423000056296587 -0.03395299986004829 
0.02601799927651882 -0.01700999960303307 0.04815400019288063 
0.01629599928855896 0.01431899983435869 -0.03102299943566322 
-0.0197950005531311 -0.002423000056296587 -0.02956599928438663 
3 227 229 233 
3 228 229 227 
3 228 232 226 
3 232 228 227 
3 232 231 226 
3 231 228 226 
3 228 231 229 
3 230 231 232 
3 230 227 233 
3 230 232 227 
3 229 230 233 
3 231 230 229 
Vertices and facets:
- p229(v3): -0.0097 -0.017 0.053
- p227(v2): -0.019 0.014 -0.027
- p233(v0): -0.02 -0.0024 -0.03
- p228(v6): -0.0094 -0.00027 0.055
- p232(v5): 0.016 0.014 -0.031
- p226(v1): 0.026 -0.00027 0.051
- p231(v7): 0.026 -0.017 0.048
- p230(v8): 0.016 -0.0024 -0.034
- f3
    - flags: bottom simplicial
    - normal:   -0.9925 -4.261e-05   0.1219
    - offset: -0.01604478
    - vertices: p229(v3) p227(v2) p233(v0)
    - neighboring facets: f19 f21 f10
- f10
    - flags: top simplicial
    - normal:   -0.9925 1.278e-05   0.1219
    - offset: -0.01604495
    - vertices: p228(v6) p229(v3) p227(v2)
    - neighboring facets: f3 f12 f17
- f11
    - flags: top simplicial
    - normal:   0.02116   0.9848   0.1724
    - offset: -0.009099152
    - vertices: p228(v6) p232(v5) p226(v1)
    - neighboring facets: f15 f16 f12
- f12
    - flags: bottom simplicial
    - normal:   0.02116   0.9848   0.1724
    - offset: -0.009099148
    - vertices: p228(v6) p232(v5) p227(v2)
    - neighboring facets: f20 f10 f11
- f15
    - flags: bottom simplicial
    - normal:    0.9925 4.263e-05  -0.1219
    - offset: -0.01995551
    - vertices: p231(v7) p232(v5) p226(v1)
    - neighboring facets: f11 f16 f18
- f16
    - flags: top simplicial
    - normal:      0.12  -0.1736   0.9775
    - offset: -0.05314515
    - vertices: p231(v7) p228(v6) p226(v1)
    - neighboring facets: f11 f15 f17
- f17
    - flags: bottom simplicial
    - normal:      0.12  -0.1736   0.9775
    - offset: -0.05314513
    - vertices: p231(v7) p228(v6) p229(v3)
    - neighboring facets: f10 f22 f16
- f18
    - flags: top simplicial
    - normal:    0.9925 -1.273e-05  -0.1219
    - offset: -0.01995535
    - vertices: p230(v8) p231(v7) p232(v5)
    - neighboring facets: f15 f20 f22
- f19
    - flags: top simplicial
    - normal:     -0.12   0.1736  -0.9775
    - offset: -0.03085478
    - vertices: p230(v8) p227(v2) p233(v0)
    - neighboring facets: f3 f21 f20
- f20
    - flags: top simplicial
    - normal:     -0.12   0.1736  -0.9775
    - offset: -0.03085479
    - vertices: p230(v8) p232(v5) p227(v2)
    - neighboring facets: f12 f19 f18
- f21
    - flags: bottom simplicial
    - normal:  -0.02116  -0.9848  -0.1724
    - offset: -0.007901115
    - vertices: p230(v8) p229(v3) p233(v0)
    - neighboring facets: f3 f19 f22
- f22
    - flags: bottom simplicial
    - normal:  -0.02116  -0.9848  -0.1724
    - offset: -0.007901119
    - vertices: p230(v8) p231(v7) p229(v3)
    - neighboring facets: f17 f21 f18
